Nodes:
# 	 dX 	 dY 	 dZ 	 dNodeSizingValue
1	-12	5.25	0	0	
2	0	0	0	0	
3	6	0	0	0	
4	18	5.25	0	0	
5	18	16.7508	0	0	
6	6	22.0008	0	0	
7	0	22.0008	0	0	
8	-12	16.7508	0	0	
9	-5.9996	8.00041	0	0	
10	-6.13358	7.50041	0	0	
11	-6.4996	7.13439	0	0	
12	-6.9996	7.00042	0	0	
13	-7.4996	7.13439	0	0	
14	-7.86562	7.50041	0	0	
15	-7.9996	8.00041	0	0	
16	-7.86562	8.50041	0	0	
17	-7.4996	8.86643	0	0	
18	-6.9996	9.00041	0	0	
19	-6.4996	8.86643	0	0	
20	-6.13358	8.50041	0	0	
21	-5.99964	14.0004	0	0	
22	-6.13361	13.5004	0	0	
23	-6.49962	13.1344	0	0	
24	-6.9996	13.0004	0	0	
25	-7.49958	13.1344	0	0	
26	-7.86559	13.5004	0	0	
27	-7.99956	14.0004	0	0	
28	-7.86559	14.5004	0	0	
29	-7.49958	14.8664	0	0	
30	-6.9996	15.0003	0	0	
31	-6.49962	14.8664	0	0	
32	-6.13361	14.5004	0	0	
33	-8.99952	8.00041	0	0	
34	-9.13349	7.50043	0	0	
35	-9.4995	7.13442	0	0	
36	-9.99948	7.00045	0	0	
37	-10.4995	7.13442	0	0	
38	-10.8655	7.50043	0	0	
39	-10.9994	8.00041	0	0	
40	-10.8655	8.50039	0	0	
41	-10.4995	8.8664	0	0	
42	-9.99948	9.00037	0	0	
43	-9.4995	8.8664	0	0	
44	-9.13349	8.50039	0	0	
45	-8.99952	14.0004	0	0	
46	-9.13349	13.5004	0	0	
47	-9.4995	13.1344	0	0	
48	-9.99948	13.0004	0	0	
49	-10.4995	13.1344	0	0	
50	-10.8655	13.5004	0	0	
51	-10.9994	14.0004	0	0	
52	-10.8655	14.5004	0	0	
53	-10.4995	14.8664	0	0	
54	-9.99948	15.0003	0	0	
55	-9.4995	14.8664	0	0	
56	-9.13349	14.5004	0	0	
57	13.9996	8.00041	0	0	
58	13.8656	7.50043	0	0	
59	13.4996	7.13442	0	0	
60	12.9996	7.00045	0	0	
61	12.4996	7.13442	0	0	
62	12.1336	7.50043	0	0	
63	11.9996	8.00041	0	0	
64	12.1336	8.50039	0	0	
65	12.4996	8.8664	0	0	
66	12.9996	9.00037	0	0	
67	13.4996	8.8664	0	0	
68	13.8656	8.50039	0	0	
69	13.9996	14.0004	0	0	
70	13.8656	13.5004	0	0	
71	13.4996	13.1344	0	0	
72	12.9996	13.0004	0	0	
73	12.4996	13.1344	0	0	
74	12.1336	13.5004	0	0	
75	11.9996	14.0004	0	0	
76	12.1336	14.5004	0	0	
77	12.4996	14.8664	0	0	
78	12.9996	15.0003	0	0	
79	13.4996	14.8664	0	0	
80	13.8656	14.5004	0	0	
81	16.9994	8.00041	0	0	
82	16.8655	7.50043	0	0	
83	16.4995	7.13442	0	0	
84	15.9995	7.00045	0	0	
85	15.4995	7.13442	0	0	
86	15.1335	7.50043	0	0	
87	14.9995	8.00041	0	0	
88	15.1335	8.50039	0	0	
89	15.4995	8.8664	0	0	
90	15.9995	9.00037	0	0	
91	16.4995	8.8664	0	0	
92	16.8655	8.50039	0	0	
93	16.9994	14.0004	0	0	
94	16.8655	13.5004	0	0	
95	16.4995	13.1344	0	0	
96	15.9995	13.0004	0	0	
97	15.4995	13.1344	0	0	
98	15.1335	13.5004	0	0	
99	14.9995	14.0004	0	0	
100	15.1335	14.5004	0	0	
101	15.4995	14.8664	0	0	
102	15.9995	15.0003	0	0	
103	16.4995	14.8664	0	0	
104	16.8655	14.5004	0	0	

Edges:
# 	 lNumberOfElem 	 Node List
1	8	1	2	0	0
2	4	2	3	0	0
3	8	3	4	0	0
4	8	4	5	0	0
5	8	5	6	0	0
6	4	6	7	0	0
7	8	7	8	0	0
8	8	8	1	0	0


Openings
Opening #: 1
# 	 lNumberOfElem 	 Node List
9	1	9	10	
10	1	10	11	
11	1	11	12	
12	1	12	13	
13	1	13	14	
14	1	14	15	
15	1	15	16	
16	1	16	17	
17	1	17	18	
18	1	18	19	
19	1	19	20	
20	1	20	9	
Opening #: 2
# 	 lNumberOfElem 	 Node List
21	1	21	22	
22	1	22	23	
23	1	23	24	
24	1	24	25	
25	1	25	26	
26	1	26	27	
27	1	27	28	
28	1	28	29	
29	1	29	30	
30	1	30	31	
31	1	31	32	
32	1	32	21	
Opening #: 3
# 	 lNumberOfElem 	 Node List
33	1	33	34	
34	1	34	35	
35	1	35	36	
36	1	36	37	
37	1	37	38	
38	1	38	39	
39	1	39	40	
40	1	40	41	
41	1	41	42	
42	1	42	43	
43	1	43	44	
44	1	44	33	
Opening #: 4
# 	 lNumberOfElem 	 Node List
45	1	45	46	
46	1	46	47	
47	1	47	48	
48	1	48	49	
49	1	49	50	
50	1	50	51	
51	1	51	52	
52	1	52	53	
53	1	53	54	
54	1	54	55	
55	1	55	56	
56	1	56	45	
Opening #: 5
# 	 lNumberOfElem 	 Node List
57	1	57	58	
58	1	58	59	
59	1	59	60	
60	1	60	61	
61	1	61	62	
62	1	62	63	
63	1	63	64	
64	1	64	65	
65	1	65	66	
66	1	66	67	
67	1	67	68	
68	1	68	57	
Opening #: 6
# 	 lNumberOfElem 	 Node List
69	1	69	70	
70	1	70	71	
71	1	71	72	
72	1	72	73	
73	1	73	74	
74	1	74	75	
75	1	75	76	
76	1	76	77	
77	1	77	78	
78	1	78	79	
79	1	79	80	
80	1	80	69	
Opening #: 7
# 	 lNumberOfElem 	 Node List
81	1	81	82	
82	1	82	83	
83	1	83	84	
84	1	84	85	
85	1	85	86	
86	1	86	87	
87	1	87	88	
88	1	88	89	
89	1	89	90	
90	1	90	91	
91	1	91	92	
92	1	92	81	
Opening #: 8
# 	 lNumberOfElem 	 Node List
93	1	93	94	
94	1	94	95	
95	1	95	96	
96	1	96	97	
97	1	97	98	
98	1	98	99	
99	1	99	100	
100	1	100	101	
101	1	101	102	
102	1	102	103	
103	1	103	104	
104	1	104	93	


Defined Mesh Control Parameters
1004	0
2006	1.5
2007	1.125
2008	1.875
