Nodes:
# 	 dX 	 dY 	 dZ 	 dNodeSizingValue
1	-1.06468	0.614695	0	0	
2	0	-0	0	0	
3	1.22939	0	0	0	
4	2.29407	0.614695	0	0	
5	2.90877	1.67938	0	0	
6	2.90877	2.90877	0	0	
7	2.29407	3.97345	0	0	
8	1.22939	4.58815	0	0	
9	0	4.58815	0	0	
10	-1.06468	3.97345	0	0	
11	-1.67938	2.90877	0	0	
12	-1.67938	1.67938	0	0	
13	1.9897	2.29407	0	0	
14	1.80548	1.60657	0	0	
15	1.3022	1.10329	0	0	
16	0.614695	0.919074	0	0	
17	-0.0728047	1.10329	0	0	
18	-0.57609	1.60657	0	0	
19	-0.760305	2.29407	0	0	
20	-0.57609	2.98157	0	0	
21	-0.072805	3.48486	0	0	
22	0.614695	3.66907	0	0	
23	1.30219	3.48486	0	0	
24	1.80548	2.98157	0	0	

Edges:
# 	 lNumberOfElem 	 Node List
1	2	1	2	0	0
2	1	2	3	0	0
3	1	3	4	0	0
4	1	4	5	0	0
5	1	5	6	0	0
6	1	6	7	0	0
7	1	7	8	0	0
8	1	8	9	0	0
9	1	9	10	0	0
10	1	10	11	0	0
11	1	11	12	0	0
12	1	12	1	0	0


Openings
Opening #: 1
# 	 lNumberOfElem 	 Node List
13	1	13	14	
14	1	14	15	
15	1	15	16	
16	1	16	17	
17	1	17	18	
18	1	18	19	
19	1	19	20	
20	1	20	21	
21	1	21	22	
22	1	22	23	
23	1	23	24	
24	1	24	13	


Defined Mesh Control Parameters
1004	0
2006	4
2007	3
2008	5
