NODES
24
1	-1.06468	0.614695	0	0
2	0	-0	0	0
3	1.22939	0	0	0
4	2.29407	0.614695	0	0
5	2.90877	1.67938	0	0
6	2.90877	2.90877	0	0
7	2.29407	3.97345	0	0
8	1.22939	4.58815	0	0
9	0	4.58815	0	0
10	-1.06468	3.97345	0	0
11	-1.67938	2.90877	0	0
12	-1.67938	1.67938	0	0
13	1.9897	2.29407	0	0
14	1.80548	1.60657	0	0
15	1.3022	1.10329	0	0
16	0.614695	0.919074	0	0
17	-0.0728047	1.10329	0	0
18	-0.57609	1.60657	0	0
19	-0.760305	2.29407	0	0
20	-0.57609	2.98157	0	0
21	-0.072805	3.48486	0	0
22	0.614695	3.66907	0	0
23	1.30219	3.48486	0	0
24	1.80548	2.98157	0	0
BOUNDLINES
12
1	1	2	2	0
2	2	3	1	0
3	3	4	1	0
4	4	5	1	0
5	5	6	1	0
6	6	7	1	0
7	7	8	1	0
8	8	9	1	0
9	9	10	1	0
10	10	11	1	0
11	11	12	1	0
12	12	1	1	0
OPENINGLINES
1
12
13	13	14	1	0
14	14	15	1	0
15	15	16	1	0
16	16	17	1	0
17	17	18	1	0
18	18	19	1	0
19	19	20	1	0
20	20	21	1	0
21	21	22	1	0
22	22	23	1	0
23	23	24	1	0
24	24	13	1	0
EMBEDDEDLINES
0
EMBEDDEDCIRCLES
0
NODESIZINGS
0
CONTROLPARAMS1
1
1004	0
CONTROLPARAMS2
3
2006	4
2007	3
2008	5
MESHTYPETOGENERATE
1
TRIANGLES
0
SKELETONEDGES
0
